$ 1 0.000005 1.3241202019156522 59 5 50 5e-11
g 384 256 384 304 0 0
w 480 208 480 256 0
a 480 192 624 192 9 5 0 1000000 0.006783048885084542 0.006758489444109728 100000
w 544 304 480 304 0
w 480 304 480 256 0
c 80 176 80 272 0 1.0000000000000001e-7 0.19847502628926159 0.001
g 80 272 80 288 0 0
174 -48 176 80 176 1 10000 0.6881 Filtre R
w 16 160 16 128 0
w 16 128 -48 128 0
w 112 176 80 176 0
p -144 176 -256 176 2 0 1
g -256 176 -256 192 0 0
v -144 256 -144 176 0 3 1000 1.5 1.5 0 0.5
O 736 176 800 176 0 0
g -144 256 -144 272 0 0
174 624 256 496 256 1 10000 0.5495000000000001 Gain
r 384 256 480 256 0 1000
w 496 256 480 256 0
w 544 304 560 304 0
w 560 304 560 272 0
w -48 128 -48 176 0
w -48 176 -144 176 0
a 240 160 352 160 8 5 0 1000000 0.09926244555973632 0.09923751314463077 100000
r 240 176 112 176 0 1000
r 240 80 352 80 0 1000
r 240 176 240 288 0 1000
g 240 288 240 304 0 0
w 352 160 352 80 0
w 240 144 240 80 0
r 240 144 112 144 0 1000
a 624 176 736 176 8 15 -15 1000000 0.04405546196402669 0.04405590251864633 100000
w 624 160 608 160 0
w 608 160 608 112 0
w 608 112 736 112 0
w 736 112 736 176 0
w 416 176 352 176 0
w 352 176 352 160 0
w 624 192 624 256 0
w 480 176 416 176 0
c 112 144 112 368 0 1.1e-7 0.19176640167323158 0.001
g 112 368 112 384 0 0
o 11 4 0 12290 5.029312701330211 0.0001 0 2 14 0
